14.03.2024 14:43:36	-0,219797	6,856327	-0,032632	8,364136	5,091685	-0,705540	0,138667	0,046712	0,334838	0,026132	6,880365
14.03.2024 14:43:36	-0,293781	6,847725	-0,032641	8,360382	4,991279	-0,700623	0,219198	-0,008461	0,455494	0,048506	6,871030
14.03.2024 14:43:36	-0,347137	6,838413	-0,032618	8,359202	4,963152	-0,648990	0,371063	0,211117	0,563611	0,088780	6,865530
14.03.2024 14:43:35	-0,399812	6,832619	-0,032911	8,360202	5,118279	-0,688493	0,034730	0,342919	0,420105	-0,045465	6,859555
14.03.2024 14:43:35	-0,246731	6,826491	-0,033063	8,361890	5,103448	-0,698820	0,156501	-0,009297	0,441840	-0,083181	6,854244
14.03.2024 14:43:35	-0,192010	6,821494	-0,032750	8,330042	5,315171	-0,688165	-0,014034	-0,043571	0,598721	-0,098737	6,854420
14.03.2024 14:43:35	-0,379015	6,821335	-0,033085	8,334926	5,517688	-0,675544	0,186874	0,321463	0,654452	0,002053	6,857247
14.03.2024 14:43:35	-0,386516	6,824382	-0,032865	8,330730	5,527064	-0,663579	0,273535	0,235359	0,800744	0,068536	6,857834
14.03.2024 14:43:34	-0,235480	6,824942	-0,032891	8,334812	5,580762	-0,665709	0,245112	0,341804	0,645535	-0,012223	6,852277
14.03.2024 14:43:34	-0,278609	6,819497	-0,032780	8,330796	5,591331	-0,666037	0,038074	0,318119	0,856195	0,090484	6,845776
14.03.2024 14:43:34	-0,256448	6,812690	-0,033086	8,332779	5,469275	-0,671282	0,227278	0,084887	0,954002	0,067684	6,844840
14.03.2024 14:43:34	-0,408677	6,811702	-0,033139	8,332681	5,537974	-0,737667	0,416204	-0,099301	0,851737	-0,089148	6,851430
14.03.2024 14:43:33	-0,346626	6,818729	-0,032701	8,331812	5,982899	-0,694558	0,161238	-0,023508	0,998029	-0,003274	6,864459
14.03.2024 14:43:33	-0,263778	6,831402	-0,033057	8,306520	5,837829	-0,698164	0,280222	0,468312	1,161598	-0,101507	6,874527
14.03.2024 14:43:33	-0,366401	6,841429	-0,033098	8,306537	5,961249	-0,705048	0,183809	-0,102367	1,327953	0,014412	6,876789
14.03.2024 14:43:33	-0,398960	6,843983	-0,032806	8,306750	5,780381	-0,649646	0,511503	-0,080074	1,404303	-0,029483	6,874743
14.03.2024 14:43:33	-0,242810	6,841883	-0,032860	8,303537	5,926133	-0,687346	0,267683	0,294991	1,609948	-0,091492	6,873483
14.03.2024 14:43:32	-0,232412	6,840142	-0,033340	8,274360	6,262639	-0,682429	0,157616	0,439054	1,771566	-0,120258	6,874755
14.03.2024 14:43:32	-0,344751	6,842171	-0,032583	8,273213	6,179791	-0,647187	0,200249	0,103000	1,964951	-0,171399	6,871652
14.03.2024 14:43:32	-0,160303	6,838746	-0,032906	8,273082	6,376683	-0,670299	0,211953	0,356294	2,393238	-0,108112	6,860419
14.03.2024 14:43:32	-0,356002	6,827345	-0,033073	8,274246	6,252240	-0,684395	0,296941	-0,027409	2,497454	-0,031188	6,847224
14.03.2024 14:43:31	-0,283211	6,814429	-0,032795	8,244282	6,585337	-0,695869	0,204429	-0,003166	2,877256	-0,025435	6,839461
14.03.2024 14:43:31	-0,261732	6,806620	-0,032841	8,246249	6,771660	-0,705376	0,170991	-0,029081	3,046119	-0,065495	6,833450
14.03.2024 14:43:31	-0,305032	6,800939	-0,032511	8,246577	6,626932	-0,653744	0,193004	0,431809	3,278794	-0,055693	6,831400
14.03.2024 14:43:31	-0,216899	6,798982	-0,032418	8,245332	6,644149	-0,718981	0,263225	-0,059454	3,689526	-0,072953	6,837474
14.03.2024 14:43:31	-0,078307	6,804637	-0,032837	8,245282	6,637330	-0,676200	0,237310	0,374685	4,198344	6,632243	6,846594
14.03.2024 14:43:30	0,166316	6,813803	-0,032791	8,244971	6,973496	-0,692591	0,245112	0,021076	4,435477	67,861405	6,851725
14.03.2024 14:43:30	0,154383	6,819438	-0,032286	8,243840	7,161524	-0,668332	0,384159	0,395863	4,884664	70,224322	6,857773
14.03.2024 14:43:30	0,147735	6,825136	-0,032637	8,244545	7,113281	-0,707507	0,374964	0,501472	5,428313	70,673722	6,865546
14.03.2024 14:43:30	0,154724	6,833153	-0,032393	8,219155	7,445525	-0,670463	0,269076	-0,049144	5,907594	72,931588	6,873328
14.03.2024 14:43:30	-0,007904	6,840499	-0,032829	8,208795	7,417398	-0,682265	0,219198	0,003800	6,698129	75,347564	6,874856
14.03.2024 14:43:29	0,182511	6,842529	-0,032327	8,210189	7,497689	-0,673905	0,240096	0,058137	7,369401	76,836187	6,870027
14.03.2024 14:43:29	0,035907	6,837959	-0,032068	8,209926	7,439729	-0,686854	0,201364	0,096869	7,993860	78,777406	6,860927
14.03.2024 14:43:29	0,046817	6,828996	-0,031931	8,207238	7,736516	-0,654072	0,285238	0,418434	8,938210	80,843920	6,856118
14.03.2024 14:43:29	0,146201	6,824228	-0,031890	8,178865	7,799420	-0,663906	0,167368	0,004636	9,820979	82,639814	6,858619
14.03.2024 14:43:28	0,053636	6,827123	-0,031496	8,179586	7,830275	-0,676528	0,247063	0,066496	10,821060	85,053020	6,862986
14.03.2024 14:43:28	0,138359	6,831283	-0,031703	8,177472	8,352592	-0,655383	0,214182	0,048105	11,906130	86,841030	6,860814
14.03.2024 14:43:28	-0,000744	6,829388	-0,031426	8,175980	8,197124	-0,659153	0,096034	0,468870	13,179568	88,783314	6,857234
14.03.2024 14:43:28	0,038464	6,826118	-0,031116	8,176275	8,199852	-0,667512	0,175171	0,059251	14,505950	91,304768	6,855844
14.03.2024 14:43:28	0,020224	6,825421	-0,030423	8,140395	8,412086	-0,664070	0,294155	0,035009	16,004539	94,200402	6,855973
14.03.2024 14:43:27	0,075626	6,825872	-0,030102	8,139329	8,619547	-0,671774	0,163189	0,561382	17,667533	97,146112	6,861604
14.03.2024 14:43:27	0,133927	6,831865	-0,029739	8,138608	8,897583	-0,667185	0,360195	0,052285	19,312136	100,266552	6,871750
14.03.2024 14:43:27	0,172794	6,842047	-0,029703	8,138116	9,134876	-0,663087	0,452150	0,589247	21,304774	103,751157	6,876836
14.03.2024 14:43:27	0,167680	6,847415	-0,029421	8,136297	9,070950	-0,640139	0,413975	0,043090	23,413332	105,484617	6,873530
14.03.2024 14:43:27	0,104436	6,845079	-0,028451	8,135674	9,257784	-0,661284	0,390011	0,478065	25,788002	107,615057	6,869414
14.03.2024 14:43:26	0,015280	6,841485	-0,027930	8,139526	9,481952	-0,669643	0,250685	0,046434	28,212829	109,788541	6,867757
14.03.2024 14:43:26	0,166657	6,840309	-0,027448	8,132035	9,858007	-0,637680	0,269355	0,364096	30,955319	112,280802	6,867516
14.03.2024 14:43:26	0,146712	6,840976	-0,026540	8,096925	9,865507	-0,680625	0,283287	0,463297	34,215545	114,994247	6,871578
14.03.2024 14:43:26	0,155576	6,845846	-0,025732	8,097515	10,116268	-0,698328	0,300843	0,539926	37,548498	117,871981	6,878826
14.03.2024 14:43:26	0,172964	6,853893	-0,024933	8,102482	10,363107	-0,675380	0,384159	0,005193	41,399465	121,244930	6,881477
14.03.2024 14:43:25	0,041021	6,857848	-0,023629	8,102678	10,502040	-0,654891	0,320905	0,135323	45,791852	125,405659	6,877346
14.03.2024 14:43:25	0,199217	6,855060	-0,022286	8,068109	10,667054	-0,661448	0,308923	0,576986	50,459547	129,536556	6,873110
14.03.2024 14:43:25	0,547997	6,851693	-0,021417	8,068142	11,067998	-0,667840	5,476241	0,111638	55,605966	134,353166	6,869255
14.03.2024 14:43:25	0,596921	6,849262	-0,019993	8,069617	11,498092	-0,724882	19,534778	0,540204	61,416133	139,175529	6,866154
14.03.2024 14:43:25	0,438896	6,848339	-0,017815	8,073108	11,394617	-0,682920	22,255255	0,605966	67,631739	144,257645	6,863654
14.03.2024 14:43:24	0,437021	6,847928	-0,015726	8,070027	11,738965	-0,667349	25,106420	0,153157	73,992243	149,592482	6,861322
14.03.2024 14:43:24	0,594194	6,846731	-0,014590	8,035572	11,978815	-0,707671	28,479777	0,553580	81,012038	155,358179	6,857916
14.03.2024 14:43:24	0,589421	6,845972	-0,011943	8,033950	12,382316	-0,634730	32,400129	0,627422	89,266817	161,635285	6,854542
14.03.2024 14:43:24	0,454068	6,844763	-0,009780	8,031327	12,664443	-0,711933	36,790008	0,152321	97,510171	167,923045	6,849171
14.03.2024 14:43:23	0,623003	6,841537	-0,007634	8,034228	12,936171	-0,703573	41,580589	0,606802	106,711530	174,768452	6,842039
14.03.2024 14:43:23	0,516460	6,837559	-0,004480	8,033851	13,244379	-0,686035	47,299915	0,121112	117,208898	182,441488	6,834704
14.03.2024 14:43:23	0,440431	6,833484	-0,001220	8,036556	13,466842	-0,688165	53,909256	0,449921	129,111228	190,764225	6,826387
14.03.2024 14:43:23	0,532314	6,828883	0,002496	8,032179	14,027686	-0,678331	61,553509	0,705445	141,645540	199,526134	6,817634
14.03.2024 14:43:23	0,640221	6,824506	0,006872	8,012805	14,516080	-0,702098	69,750607	0,564168	155,702684	208,817989	6,809381
14.03.2024 14:43:22	0,756992	6,820310	0,010929	8,007920	14,842359	-0,657842	79,012154	0,225607	169,921167	218,158215	6,799361
14.03.2024 14:43:22	0,831828	6,815237	0,015876	8,010395	15,165398	-0,658497	88,984821	0,732474	185,077313	228,206527	6,787461
14.03.2024 14:43:22	1,004684	6,808489	0,021028	8,012444	15,721980	-0,657842	100,089093	0,821643	201,857163	238,322602	6,776828
14.03.2024 14:43:22	0,948941	6,803803	0,026975	8,009756	16,282654	-0,682265	113,459081	0,445463	220,960133	250,222850	6,769818
14.03.2024 14:43:22	1,001786	6,803004	0,033187	7,993791	16,553359	-0,689477	127,953708	0,820807	240,612882	262,091774	6,759539
14.03.2024 14:43:21	1,047813	6,800451	0,040912	7,993053	17,273592	-0,665054	144,981837	0,706559	263,764661	275,551391	6,749896
14.03.2024 14:43:21	0,928655	6,799470	0,049575	7,991267	17,672490	-0,673085	164,408321	0,981589	287,828188	289,422690	6,737345
14.03.2024 14:43:21	1,351078	6,796015	0,058670	7,995283	18,559441	-0,671774	184,323839	0,671728	313,093820	303,565462	6,722747
14.03.2024 14:43:21	1,247603	6,790780	0,068033	7,993873	18,988001	-0,665709	206,952867	1,064627	340,150903	318,710594	6,707083
14.03.2024 14:43:21	1,375796	6,786828	0,079745	7,994381	19,901205	-0,661284	233,755541	1,014748	371,325622	335,198810	6,695188
14.03.2024 14:43:20	1,405798	6,786797	0,091609	7,989464	20,442445	-0,671610	261,196607	1,460312	402,003506	351,753509	6,686814
14.03.2024 14:43:20	1,258001	6,792221	0,105407	7,994545	21,338773	-0,690296	292,050041	2,003683	436,083170	369,380887	6,670644
14.03.2024 14:43:20	1,596383	6,791706	0,121062	7,992217	22,202200	-0,658989	328,076923	3,116061	473,934942	388,474087	6,646308
14.03.2024 14:43:20	1,636273	6,783738	0,137430	7,994545	23,170295	-0,675216	365,992507	122,860512	511,998769	408,449466	6,619128
14.03.2024 14:43:19	1,710768	6,774900	0,155772	7,994906	24,238796	-0,653416	407,525547	414,178357	553,097113	428,828857	6,579882
14.03.2024 14:43:19	1,794809	6,756402	0,176520	7,992644	25,241667	-0,649646	454,026112	414,908146	597,730711	450,671300	6,536458
14.03.2024 14:43:19	2,075572	6,735495	0,199037	7,994873	26,321079	-0,649154	503,861581	418,766079	644,416022	473,724502	6,491082
14.03.2024 14:43:19	2,125008	6,714885	0,223803	7,994922	27,457598	-0,676364	559,006480	592,032840	693,263392	497,711450	6,422267
14.03.2024 14:43:19	2,298716	6,675372	0,253105	8,021443	29,117798	-0,649974	621,511128	592,303690	749,021603	524,741913	6,355594
14.03.2024 14:43:18	2,652611	6,639331	0,283737	8,020804	30,566446	-0,665709	687,075373	616,960188	803,190942	551,546931	6,296175
14.03.2024 14:43:18	2,685000	6,613746	0,317571	8,019902	32,614805	-0,669807	756,890171	844,575461	861,511914	580,005928	6,232444
14.03.2024 14:43:18	2,905928	6,591186	0,358742	8,017706	34,196760	-0,677675	837,997609	845,418940	927,851924	611,940367	6,168784
14.03.2024 14:43:18	3,399266	6,572774	0,403990	8,056897	37,037461	-0,636533	926,659852	1098,936006	996,725994	645,970939	6,168784
14.03.2024 14:43:18	3,399266	6,572774	0,403990	8,056897	37,037461	-0,636533	926,659852	1098,936006	996,725994	645,970939	6,110226
14.03.2024 14:43:17	3,455692	6,561441	0,451215	8,059028	39,307771	-0,592113	1012,200361	1099,126047	1062,194661	680,025803	6,071998
14.03.2024 14:43:17	3,927039	6,579027	0,507029	8,061684	42,746477	3,345072	1107,914165	1099,651584	1135,931482	716,879560	6,016771
14.03.2024 14:43:17	4,420718	6,586325	0,569554	8,061749	45,701563	49,559134	1210,385553	1163,545033	1212,169481	756,387097	5,830560
14.03.2024 14:43:17	5,425294	6,537185	0,706626	8,118184	55,714588	77,329402	1404,392083	1339,976720	1354,482214	838,209801	5,702098
14.03.2024 14:43:17	5,864423	6,493596	0,791498	8,109661	61,520602	97,718185	1504,854670	1551,880215	1429,657993	882,345580	5,573777
14.03.2024 14:43:16	7,030433	6,458097	0,884320	8,115365	70,034691	141,754338	1601,820457	1551,391181	1503,956576	931,587553	5,437236
14.03.2024 14:43:16	8,099957	6,431311	0,994075	8,114136	78,977680	188,059043	1694,299951	1555,351658	1577,720148	986,730961	5,270817
14.03.2024 14:43:16	10,168431	6,383071	1,112254	8,113972	94,461236	249,622554	1752,175079	1719,619362	1643,704041	1037,809954	5,089217
14.03.2024 14:43:16	12,283955	6,321866	1,232650	8,111136	111,525042	330,264201	1753,344302	1719,712431	1696,330765	1090,882585	4,870485
14.03.2024 14:43:15	17,094087	6,249235	1,378750	8,111513	144,302707	434,428152	1753,237300	1743,265190	1743,506503	1154,338075	4,668577
14.03.2024 14:43:15	24,130378	6,205273	1,536696	8,178111	186,831727	572,875608	1752,737399	1752,265641	1752,960041	1213,275916	4,453753
14.03.2024 14:43:15	48,347757	6,155370	1,701617	8,172915	295,063705	744,751110	1752,691978	1752,693093	1752,997102	1273,869866	4,144330
14.03.2024 14:43:15	135,119015	6,037006	1,892676	8,174620	498,416526	1015,269981	1753,269345	1752,886756	1753,064814	1340,558306	3,735222
14.03.2024 14:43:15	509,638861	5,857197	2,121975	8,178029	892,167184	1024,576293	1753,130298	1752,849695	1752,885363	1340,874527	3,230875
14.03.2024 14:43:14	1072,131618	5,605294	2,374419	8,179160	1072,367888	1024,564819	1753,002675	1751,402378	1752,914342	1340,743265	2,517641
14.03.2024 14:43:14	1072,198953	5,201673	2,684032	8,232071	1072,424143	1024,561377	1752,511133	1753,285228	1752,926882	1340,731972	2,517641
14.03.2024 14:43:14	1072,198953	5,201673	2,684032	8,232071	1072,424143	1024,561377	1752,511133	1753,285228	1752,926882	1340,731972	2,467040
14.03.2024 14:43:14	1072,007175	5,187364	2,720324	8,232907	1072,254697	1024,566622	1753,131691	1752,771673	1753,000446	1340,853431	2,437354
14.03.2024 14:43:13	1072,184463	5,181164	2,743811	8,233366	1072,439826	1024,525808	1752,893444	1752,703124	1753,021902	1340,769688	2,424260
14.03.2024 14:43:13	1071,990810	5,177965	2,753705	8,234399	1072,254015	1024,548100	1753,191322	1752,505003	1753,001839	1340,652064	2,414521
14.03.2024 14:43:13	1072,005471	5,170348	2,755827	8,296767	1072,250435	1024,585964	1753,176275	1752,433947	1752,984563	1340,675717	2,413758
14.03.2024 14:43:13	1072,127186	5,170376	2,756617	8,293112	1072,408289	1024,548756	1753,258756	1752,961435	1752,946945	1340,924602	2,413621
14.03.2024 14:43:13	1072,165371	5,171587	2,757966	8,296177	1072,400618	1024,558590	1753,179898	1752,230252	1752,986792	1340,602628	2,412424
14.03.2024 14:43:12	1072,061044	5,168209	2,755785	8,295931	1072,252821	1024,566950	1752,972302	1752,638199	1752,907655	1340,888804	2,408608
14.03.2024 14:43:12	1072,151392	5,161367	2,752759	8,298390	1072,371127	1024,559246	1753,193273	1752,608104	1752,989578	1340,699370	2,396323
14.03.2024 14:43:12	1072,084227	5,136124	2,739802	8,294751	1072,342147	1024,543346	1753,172653	1752,074486	1752,964221	1340,643967	2,384720
14.03.2024 14:43:12	1072,119685	5,109228	2,724509	8,294981	1072,348455	1024,554493	1753,209992	1752,847187	1753,010199	1340,689355	2,381404
14.03.2024 14:43:11	1072,013653	5,102239	2,720835	8,362087	1072,264413	1024,545149	1753,150360	1752,335861	1753,006019	1340,881985	2,379535
14.03.2024 14:43:11	1071,962342	5,097415	2,717880	8,359530	1072,231854	1024,589734	1753,110513	1752,634855	1752,980383	1340,679979	2,377447
14.03.2024 14:43:11	1072,075363	5,094214	2,716767	8,359808	1072,311974	1024,586128	1752,956140	1752,803160	1753,018001	1340,638214	2,374891
14.03.2024 14:43:11	1072,183270	5,090167	2,715275	8,360988	1072,423120	1024,571867	1753,591745	1752,720958	1752,924931	1340,707893	2,374972
14.03.2024 14:43:11	1072,007687	5,087510	2,712538	8,372118	1072,263561	1024,563344	1753,639673	1752,657704	1752,809291	1340,702992	2,377642
14.03.2024 14:43:10	1072,062578	5,088101	2,710460	8,415866	1072,371127	1024,597602	1753,091286	1752,533983	1752,861677	1340,680831	2,375281
14.03.2024 14:43:10	1072,173724	5,085889	2,710607	8,412801	1072,424484	1024,546133	1753,068716	1753,095466	1752,945273	1340,577697	2,374919
14.03.2024 14:43:10	1072,035132	5,083918	2,708999	8,415768	1072,251799	1024,532856	1753,346531	1752,156410	1752,870315	1340,614135	2,373305
14.03.2024 14:43:10	1071,944954	5,081202	2,707898	8,415096	1072,226569	1024,577932	1753,288850	1752,003987	1752,852203	1340,759460	2,375924
14.03.2024 14:43:10	1071,962001	5,081660	2,705736	8,450845	1072,223842	1024,566950	1753,152590	1752,826567	1752,920194	1340,396147	2,377750
14.03.2024 14:43:09	1072,103661	5,082071	2,704321	8,451616	1072,371127	1024,582522	1753,073731	1752,026558	1752,863628	1340,781621	2,377750
14.03.2024 14:43:09	1072,193328	5,081292	2,703542	8,449878	1072,408119	1024,625467	1753,163178	1752,478810	1753,049210	1340,692125	2,377758
14.03.2024 14:43:09	1071,993367	5,081138	2,703380	8,451321	1072,262027	1024,591537	1753,109120	1752,048293	1752,912392	1340,735594	2,378638
14.03.2024 14:43:09	1071,961489	5,081365	2,702726	8,448551	1072,217875	1024,582686	1753,030819	1752,704239	1752,784212	1340,623511	2,377389
14.03.2024 14:43:09	1072,151904	5,080724	2,703334	8,449255	1072,398573	1024,594487	1753,169030	1752,215205	1752,928554	1340,889017	2,377253
14.03.2024 14:43:08	1071,972229	5,081224	2,703970	8,450616	1072,236797	1024,566130	1753,020230	1752,686127	1752,906540	1340,750084	2,379610
14.03.2024 14:43:08	1071,970524	5,081850	2,702239	8,451944	1072,219921	1024,579899	1753,091008	1752,746315	1752,828518	1340,879641	2,375762
14.03.2024 14:43:08	1072,099570	5,071602	2,695840	8,477924	1072,353398	1024,607928	1753,137542	1752,735727	1752,813192	1340,785244	2,375454
14.03.2024 14:43:07	1072,140141	5,066999	2,691546	8,474269	1072,417836	1024,594651	1753,179898	1752,539556	1752,973417	1340,723022	2,374972
14.03.2024 14:43:07	1071,953818	5,062982	2,688010	8,475842	1072,198271	1024,586947	1753,086271	1752,834648	1752,955026	1340,721744	2,376547
14.03.2024 14:43:07	1072,014164	5,059330	2,682783	8,474269	1072,301576	1024,570064	1753,279934	1752,826567	1752,843008	1340,731333	2,376411
14.03.2024 14:43:07	1072,007175	5,057337	2,680926	8,494168	1072,216000	1024,547936	1752,983727	1752,038261	1752,852760	1340,810814	2,384716
14.03.2024 14:43:07	1072,170655	5,063805	2,679088	8,497479	1072,401471	1024,578588	1753,156212	1753,055062	1752,712041	1340,936109	2,388372
14.03.2024 14:43:06	1072,087978	5,068471	2,680100	8,492660	1072,302087	1024,587111	1753,038064	1752,378774	1751,392904	1340,575992	2,390638
14.03.2024 14:43:06	1071,936771	5,071661	2,681022	8,558552	1072,201169	1024,606781	1753,045030	1752,690864	1745,655186	1340,581107	2,395692
14.03.2024 14:43:06	1072,028654	5,076409	2,680718	8,706353	1072,275835	1024,606781	1752,720401	1752,509740	1738,756048	1340,797389	2,398064
14.03.2024 14:43:06	1072,100592	5,078568	2,680504	8,709123	1072,353739	1024,568917	1753,048095	1752,861956	1731,451193	1340,787588	2,399744
14.03.2024 14:43:05	1072,128208	5,076454	2,676710	8,708729	1072,378969	1024,593012	1753,020230	1752,352581	1723,370850	1340,838728	2,398626
14.03.2024 14:43:05	1072,003595	5,070361	2,671735	8,709942	1072,257765	1024,527283	1753,182684	1752,390199	1714,152772	1340,669751	2,400229
14.03.2024 14:43:05	1072,005300	5,067394	2,667165	8,707451	1072,194521	1024,543019	1753,012985	1752,196814	1704,770290	1340,636083	2,403473
14.03.2024 14:43:05	1071,933192	5,065655	2,662182	8,708451	1072,206283	1024,586128	1752,936913	1752,247808	1695,093830	1340,636509	2,404255
14.03.2024 14:43:05	1072,144573	5,058930	2,654675	8,708402	1072,359194	1024,550886	1752,889264	1752,380724	1684,876507	1340,839368	2,401249
14.03.2024 14:43:04	1072,101956	5,044663	2,643414	8,709385	1072,277540	1024,543346	1752,883412	1751,660410	1673,760810	1340,861315	2,400306
14.03.2024 14:43:04	1071,998311	5,033938	2,633632	8,761870	1072,193669	1024,577768	1752,860284	1751,938225	1661,838975	1340,779703	2,407671
14.03.2024 14:43:04	1072,018256	5,036549	2,628879	8,757707	1072,313168	1024,580391	1753,011871	1751,725336	1648,610262	1340,818911	2,413942
14.03.2024 14:43:04	1072,122583	5,036339	2,622397	8,760854	1072,362092	1024,564983	1752,739071	1752,293506	1633,487554	1340,485857	2,420090
14.03.2024 14:43:04	1071,931146	5,033799	2,613708	8,759264	1072,182588	1024,607928	1750,136185	1752,419457	1618,336981	1340,536571	2,425896
14.03.2024 14:43:03	1071,957569	5,031817	2,605921	8,760870	1072,180202	1024,585800	1737,897801	1748,980059	1601,047199	1340,717695	2,427220
14.03.2024 14:43:03	1072,123606	5,019097	2,591877	8,798209	1072,368229	1024,581374	1723,906697	1749,307196	1582,225946	1340,743905	2,432708
14.03.2024 14:43:03	1072,094455	5,012521	2,579813	8,798652	1072,344534	1024,568753	1709,357454	1744,919824	1563,250320	1340,541899	2,445171
14.03.2024 14:43:03	1071,972740	5,020038	2,574868	8,797160	1072,180542	1024,627925	1691,952589	1717,720907	1540,847836	1333,428641	2,457657
14.03.2024 14:43:02	1072,109627	5,024239	2,566582	8,836467	1072,322543	1024,575801	1673,805116	1717,207631	1517,718349	1311,988931	2,472846
14.03.2024 14:43:02	1072,123776	5,026673	2,553828	9,099219	1072,339079	1024,533348	1652,295989	1716,229006	1491,889005	1286,771622	2,485103
14.03.2024 14:43:02	1071,962683	5,029298	2,544195	9,100825	1072,168780	1024,593832	1630,172713	1672,738437	1465,680417	1259,602865	2,505587
14.03.2024 14:43:02	1071,888870	5,036692	2,531105	9,099596	1072,189577	1024,532856	1605,222516	1672,163021	1437,595666	1229,009593	2,529350
14.03.2024 14:43:02	1072,051668	5,047669	2,518319	9,097399	1072,295780	1024,534823	1577,796219	1665,428009	1407,059616	1194,044210	2,552020
14.03.2024 14:43:01	1071,951261	5,055161	2,503141	9,100219	1072,172019	1024,554493	1547,884907	1607,493249	1374,583593	1153,741433	2,570915
14.03.2024 14:43:01	1072,038030	5,055507	2,484593	9,103251	1072,249242	1024,549411	1515,694223	1607,218220	1339,973655	1108,903108	2,592690
14.03.2024 14:43:01	1071,873868	5,056551	2,463861	9,102989	1072,109627	1024,556296	1477,581075	1530,681785	1303,245685	1055,817478	2,622921
14.03.2024 14:43:01	1071,891427	5,063598	2,440677	9,096563	1072,120708	1024,545641	1434,179396	1511,384316	1260,486019	989,580568	2,657916
14.03.2024 14:43:01	1071,944954	5,078273	2,420357	9,133395	1072,160598	1024,574818	1387,401851	1511,070276	1216,849158	914,132350	2,695493
14.03.2024 14:43:00	1071,921259	5,093560	2,398066	9,129592	1072,098376	1024,549411	1336,644045	1502,875686	1172,065367	855,710179	2,737897
14.03.2024 14:43:00	1071,912906	5,112885	2,374987	9,130493	1072,244468	1024,568753	1281,260620	1372,914190	1122,923183	855,829721	2,784141
14.03.2024 14:43:00	1072,008709	5,136133	2,351992	9,133575	1072,293905	1024,544822	1220,836386	1372,266325	1071,215175	855,878304	2,841880
14.03.2024 14:43:00	1072,029166	5,168704	2,326823	9,133427	1072,232365	1024,541052	1150,371215	1266,690757	1012,221538	855,719768	2,904302
14.03.2024 14:43:00	1072,003766	5,199057	2,294755	9,138869	1072,185827	1024,570228	1071,670213	1175,987947	950,315434	855,732553	2,904302
14.03.2024 14:42:59	1072,003766	5,199057	2,294755	9,138869	1072,185827	1024,570228	1071,670213	1175,987947	950,315434	855,732553	2,970078
14.03.2024 14:42:59	1071,845570	5,221844	2,251766	9,139263	1072,174576	1024,520890	988,154388	1172,804351	885,793347	855,780498	3,034866
14.03.2024 14:42:59	1071,927055	5,241227	2,206361	9,137263	1072,115423	1024,538101	905,199211	908,701027	821,848348	855,668414	3,113822
14.03.2024 14:42:59	1071,886994	5,262273	2,148452	9,140082	1072,087637	1024,547936	811,267663	908,455535	752,589460	855,536513	3,199669
14.03.2024 14:42:59	1071,815397	5,285997	2,086327	9,138951	1072,072806	1024,549739	714,861409	883,649122	679,486014	855,764516	3,291857
14.03.2024 14:42:58	1071,928930	5,314709	2,022852	9,125002	1072,136732	1024,521382	620,280881	656,783422	609,490650	855,740437	3,388294
14.03.2024 14:42:58	1071,808749	5,337118	1,948824	9,126166	1072,029166	1024,485321	525,812650	656,483314	538,108157	855,705065	3,506704
14.03.2024 14:42:58	1071,786077	5,364024	1,857320	9,124838	1072,065476	1024,520235	423,544399	654,361102	463,678608	855,771974	3,636953
14.03.2024 14:42:58	1071,692830	5,401814	1,764861	9,124396	1071,969331	1024,488600	326,473282	427,122845	391,153086	855,693771	3,771941
14.03.2024 14:42:58	1071,800737	5,434724	1,662783	9,126232	1072,043997	1024,274693	239,162500	426,200508	322,160032	855,812247	3,926024
14.03.2024 14:42:57	1071,675953	5,477735	1,551711	9,124658	1071,849662	995,381131	159,786603	401,512800	257,121604	855,614290	4,300926
14.03.2024 14:42:57	1071,419227	5,600248	1,299323	9,104120	1071,553215	853,844410	8,571783	-0,032704	137,554375	855,571673	4,516410
14.03.2024 14:42:57	1071,351380	5,676186	1,159776	9,106251	1071,487244	762,394518	0,233966	-0,100973	90,611033	855,642630	4,516410
14.03.2024 14:42:57	1071,351380	5,676186	1,159776	9,106251	1071,487244	762,394518	0,233966	-0,100973	90,611033	855,642630	5,005534
14.03.2024 14:42:56	1068,183890	5,836196	0,830662	9,102071	1066,241222	517,856152	0,089067	-0,141656	28,816667	855,441477	5,295773
14.03.2024 14:42:56	1056,346161	5,942308	0,646535	9,104398	1043,895084	357,485360	-0,013477	0,297220	12,396278	772,478333	5,643753
14.03.2024 14:42:56	978,459593	6,087737	0,443983	9,078353	890,086265	177,237193	-0,080353	0,214461	3,265976	632,172089	5,643753
14.03.2024 14:42:56	978,459593	6,087737	0,443983	9,078353	890,086265	177,237193	-0,080353	0,214461	3,265976	632,172089	6,037196
14.03.2024 14:42:56	473,412602	6,275135	0,237938	9,074697	141,970517	-0,694886	0,094362	-0,075895	0,464968	428,709315	6,468500
14.03.2024 14:42:56	-0,291735	6,516119	0,047619	9,075451	4,263375	-0,687346	0,222820	-0,244200	0,063989	135,125392	6,725196
14.03.2024 14:42:55	-0,349013	6,695612	-0,029584	9,076025	4,232350	-0,694066	0,215296	-0,153917	0,131144	-0,019681	6,742624
14.03.2024 14:42:55	-0,287473	6,711039	-0,031585	9,076812	4,320653	-0,678167	0,203593	0,301678	0,143683	-0,140502	6,750828
14.03.2024 14:42:55	-0,253891	6,719066	-0,031762	9,055274	4,401626	-0,723079	0,215296	-0,135805	0,072348	0,133102	6,756631
14.03.2024 14:42:55	-0,359752	6,724218	-0,032413	9,056274	4,210530	-0,691608	0,203036	-0,189585	0,077364	-0,015846	6,761309
14.03.2024 14:42:54	-0,227127	6,729088	-0,032221	9,055667	4,380999	-0,686690	0,237867	-0,138591	0,159845	0,113072	6,759735
14.03.2024 14:42:54	-0,277245	6,727339	-0,032396	9,054995	4,312641	-0,734225	0,374964	0,308923	0,159566	0,060865	6,757824
14.03.2024 14:42:54	-0,235991	6,725352	-0,032472	9,057339	4,408103	-0,705704	0,193562	-0,078960	0,056465	-0,038859	6,761655
14.03.2024 14:42:54	-0,183657	6,728996	-0,032659	9,057847	4,443050	-0,717998	0,173220	-0,117971	0,172384	-0,065069	6,762302
14.03.2024 14:42:54	-0,336739	6,729889	-0,032413	9,058552	4,671819	-0,729799	-0,035490	-0,155032	0,091575	-0,027566	6,743844
14.03.2024 14:42:53	-0,212467	6,711410	-0,032434	9,031244	4,775806	-0,699639	0,130029	0,296663	0,254308	0,154836	6,722198
14.03.2024 14:42:53	-0,397937	6,689923	-0,032275	9,031670	4,581641	-0,680462	0,291368	0,304186	0,325085	-0,091705	6,711448
14.03.2024 14:42:53	-0,220820	6,678749	-0,032700	9,025147	4,755520	-0,721604	0,360753	-0,191256	0,258209	0,028050	6,711448
14.03.2024 14:42:53	-0,220820	6,678749	-0,032700	9,025147	4,755520	-0,721604	0,360753	-0,191256	0,258209	0,028050	6,709463
14.03.2024 14:42:52	-0,341001	6,676747	-0,032716	9,011525	4,659205	-0,695050	0,155944	0,406173	0,310038	-0,059529	6,713769
14.03.2024 14:42:52	-0,420780	6,681309	-0,032460	9,005330	4,597154	-0,691772	0,197184	-0,053324	0,291647	-0,012437	6,712799
14.03.2024 14:42:52	-0,383106	6,680316	-0,032483	9,011214	4,771544	-0,742257	0,165696	0,338739	0,358802	-0,078067	6,700992
14.03.2024 14:42:52	-0,364525	6,668170	-0,032822	9,012099	5,032021	-0,700295	0,136995	-0,091778	0,325643	-0,026713	6,684040
14.03.2024 14:42:52	-0,292758	6,651357	-0,032683	9,011788	5,118620	-0,707507	0,281894	-0,060290	0,253750	0,045097	6,676799
14.03.2024 14:42:51	-0,383788	6,644138	-0,032660	8,987824	5,023668	-0,734717	0,193562	-0,102924	0,422892	0,114350	6,679829
14.03.2024 14:42:51	-0,226275	6,647209	-0,032621	8,986627	5,161748	-0,710130	0,143404	-0,095958	0,361310	-0,091705	6,693518
14.03.2024 14:42:51	-0,375776	6,660522	-0,032996	8,989528	5,061683	-0,723079	0,120555	-0,074223	0,489211	-0,215934	6,693518
14.03.2024 14:42:51	-0,375776	6,660522	-0,032996	8,989528	5,061683	-0,723079	0,120555	-0,074223	0,489211	-0,215934	6,702700
14.03.2024 14:42:51	-0,391630	6,670038	-0,032662	8,989709	5,258575	-0,681445	0,119440	-0,128838	0,547728	-0,016485	6,703341
14.03.2024 14:42:50	-0,407995	6,670891	-0,032450	8,987889	5,411656	-0,678659	0,186038	-0,027131	0,414254	0,058734	6,685140
14.03.2024 14:42:50	-0,245197	6,652536	-0,032604	8,988627	5,593888	-0,678495	0,136995	-0,074501	0,580888	0,135659	6,675473
14.03.2024 14:42:50	-0,262926	6,642798	-0,032675	8,984234	5,555021	-0,692919	0,196069	0,298056	0,743341	-0,123455	6,664168
14.03.2024 14:42:50	-0,275881	6,631527	-0,032641	8,968974	5,577864	-0,735372	0,218083	-0,094007	0,738604	-0,123028	6,658103
14.03.2024 14:42:50	-0,308270	6,625525	-0,032578	8,964302	5,604968	-0,746682	-0,040784	-0,150852	0,848115	0,084944	6,658103
14.03.2024 14:42:49	-0,308270	6,625525	-0,032578	8,964302	5,604968	-0,746682	-0,040784	-0,150852	0,848115	0,084944	6,661615
14.03.2024 14:42:49	-0,335375	6,628960	-0,032655	8,962466	5,787030	-0,728816	0,041418	-0,046079	0,906910	0,071520	6,661615
14.03.2024 14:42:49	-0,335375	6,628960	-0,032655	8,962466	5,787030	-0,728816	0,041418	-0,046079	0,906910	0,071520	6,666369
14.03.2024 14:42:49	-0,232923	6,633494	-0,032875	8,958664	5,993297	-0,734881	0,077921	0,304186	0,979917	-0,098097	6,663627
14.03.2024 14:42:49	-0,336057	6,630593	-0,033034	8,961893	5,919484	-0,697017	0,196905	-0,102367	1,066856	-0,064217	6,656408
14.03.2024 14:42:49	-0,340319	6,623240	-0,033168	8,937748	5,916245	-0,695050	0,198577	0,094919	1,279746	0,193618	6,650520
14.03.2024 14:42:48	-0,406802	6,617696	-0,032824	8,941387	5,794019	-0,682265	0,231458	-0,140263	1,302317	-0,104490	6,650645
14.03.2024 14:42:48	-0,255766	6,618022	-0,032623	8,939650	6,061315	-0,703901	0,142011	0,200528	1,590721	0,047441	6,657305
14.03.2024 14:42:48	-0,397085	6,624441	-0,032863	8,937781	6,191212	-0,714719	-0,019607	0,331773	1,545580	0,082600	6,661201
14.03.2024 14:42:48	-0,298042	6,628439	-0,032762	8,941338	6,343441	-0,706688	0,352672	-0,117135	1,779926	-0,033532	6,656421
14.03.2024 14:42:48	-0,225763	6,623151	-0,033270	8,913047	6,362875	-0,698328	0,190775	0,332887	1,986686	-0,138158	6,656421
14.03.2024 14:42:47	-0,225763	6,623151	-0,033270	8,913047	6,362875	-0,698328	0,190775	0,332887	1,986686	-0,138158	6,641185
14.03.2024 14:42:47	-0,222524	6,608383	-0,032803	8,919374	6,339691	-0,731602	0,206658	-0,070879	2,042137	-0,032040	6,631149
14.03.2024 14:42:47	-0,342023	6,598327	-0,032822	8,915899	6,514593	-0,696525	0,214739	0,344034	2,415809	0,129479	6,630388
14.03.2024 14:42:47	-0,241447	6,597450	-0,032939	8,916259	6,703473	-0,677347	0,145355	0,316168	2,561823	-0,203575	6,638915
14.03.2024 14:42:47	-0,312021	6,606334	-0,032582	8,914014	6,683187	-0,670955	0,137274	-0,112677	2,863881	0,097942	6,653777
14.03.2024 14:42:47	-0,156382	6,621015	-0,032762	8,915276	6,768762	-0,677511	0,141454	0,362146	3,199656	-0,058463	6,667429
14.03.2024 14:42:46	0,069830	6,634787	-0,032642	8,918505	6,808311	-0,654727	0,121112	0,238703	3,546578	-0,089787	6,676845
14.03.2024 14:42:46	0,059432	6,643989	-0,032855	8,889427	6,980315	-0,727013	0,174613	0,210838	3,856439	-0,032254	6,681446
14.03.2024 14:42:46	0,123358	6,648618	-0,032827	8,886706	7,091631	-0,703573	0,366883	-0,168407	4,264385	-0,134109	6,683460
14.03.2024 14:42:46	0,173987	6,650846	-0,032614	8,886657	7,262100	-0,694722	0,152600	0,131980	4,623567	0,150149	6,684778
14.03.2024 14:42:45	-0,005687	6,651849	-0,032929	8,885296	7,335743	-0,684395	0,171269	-0,091220	5,047953	0,126283	6,686120
14.03.2024 14:42:45	0,076308	6,653860	-0,032260	8,891541	7,404272	-0,691772	0,336231	-0,062798	5,540610	0,193192	6,684898
14.03.2024 14:42:45	0,186943	6,652478	-0,032419	8,861168	7,550705	-0,724718	0,101607	0,405616	6,296035	0,030820	6,677866
14.03.2024 14:42:45	0,181999	6,645356	-0,032509	8,862676	7,691683	-0,720948	0,520977	-0,144722	6,896529	-0,000717	6,664551
14.03.2024 14:42:45	0,145860	6,632173	-0,032378	8,865004	7,963582	-0,664726	0,220034	-0,088991	7,459127	-0,109391	6,652815
14.03.2024 14:42:44	0,136825	6,620643	-0,032172	8,865643	7,854993	-0,662923	0,030272	-0,076452	8,270561	3,346022	6,647785
14.03.2024 14:42:44	0,056363	6,615936	-0,031849	8,865578	8,008926	-0,670463	0,245112	-0,084811	9,064718	66,635304	6,649407
14.03.2024 14:42:44	0,176203	6,617750	-0,031657	8,835614	8,338444	-0,716195	0,234245	0,438496	10,039999	67,951114	6,656531
14.03.2024 14:42:44	-0,014040	6,624984	-0,031547	8,836811	8,277075	-0,684887	0,354901	-0,118528	11,094975	69,475962	6,657608
14.03.2024 14:42:44	0,131540	6,626279	-0,031329	8,837139	8,327363	-0,708982	-0,005396	0,005193	12,194256	71,372220	6,654657
14.03.2024 14:42:43	0,144837	6,623815	-0,030842	8,837319	8,606080	-0,677019	0,253193	-0,111841	13,299946	73,458338	6,660607
14.03.2024 14:42:43	0,182170	6,629273	-0,031334	8,833090	8,704441	-0,728160	0,058137	0,131980	14,732216	75,651425	6,668011
14.03.2024 14:42:43	0,012041	6,637471	-0,030541	8,836385	8,689099	-0,718325	0,254586	-0,125495	16,244737	77,734773	6,670865
14.03.2024 14:42:43	0,119948	6,640931	-0,029934	8,838384	9,000035	-0,659153	0,157337	0,091296	17,701807	80,279240	6,671393
14.03.2024 14:42:43	0,169555	6,641808	-0,029585	8,832680	9,260853	-0,669807	0,306416	-0,081468	19,655992	83,005257	6,676317
14.03.2024 14:42:42	0,039146	6,646651	-0,029666	8,804930	9,462348	-0,678986	0,276600	0,428186	21,433511	86,105242	6,686588
14.03.2024 14:42:42	0,061136	6,657724	-0,028864	8,805438	9,613213	-0,667676	0,276878	-0,061962	23,677494	89,666558	6,696603
14.03.2024 14:42:42	-0,009438	6,668468	-0,028135	8,806782	9,809253	-0,698328	0,230622	0,424843	26,250285	93,768689	6,701713
14.03.2024 14:42:42	0,121824	6,673802	-0,027912	8,804372	9,990121	-0,648662	0,187431	-0,079796	28,807751	97,873802	6,710406
14.03.2024 14:42:41	0,109038	6,683509	-0,026897	8,778278	10,104164	-0,690624	0,260995	0,090460	31,678978	103,059691	6,718536
14.03.2024 14:42:41	0,057216	6,692190	-0,026346	8,777245	10,175421	-0,655219	0,413696	-0,007904	34,961217	106,205915	6,719223
14.03.2024 14:42:41	0,130177	6,693981	-0,025242	8,778327	10,507665	-0,713736	0,228393	0,101049	38,310611	109,318258	6,714972
14.03.2024 14:42:41	0,422702	6,690259	-0,024714	8,776999	10,723820	-0,693739	0,274371	0,457166	42,130368	112,198976	6,705244
14.03.2024 14:42:41	0,517312	6,681699	-0,023545	8,776933	11,130049	-0,669479	0,615440	0,133373	45,943996	115,674632	6,693775
14.03.2024 14:42:40	0,485435	6,671368	-0,022407	8,749970	11,303246	-0,712752	17,476935	-0,023787	50,334711	119,053760	6,676509
14.03.2024 14:42:40	0,577147	6,655860	-0,020649	8,750773	11,500819	-0,709638	20,603129	0,143126	55,476950	123,030808	6,666059
14.03.2024 14:42:40	0,599819	6,646861	-0,019198	8,750265	11,893240	-0,716195	23,279300	0,447413	60,915954	127,352205	6,661865
14.03.2024 14:42:40	0,389801	6,644476	-0,017388	8,752756	12,023649	-0,704065	26,294033	0,008258	66,776278	131,889458	6,663425
14.03.2024 14:42:40	0,564362	6,647943	-0,015482	8,755428	12,409762	-0,696689	29,726465	-0,007625	72,982409	136,312284	6,671226
14.03.2024 14:42:39	0,468558	6,657706	-0,013520	8,754035	12,574435	-0,702590	33,491608	0,367719	79,525709	141,281890	6,672611
14.03.2024 14:42:39	0,560441	6,660890	-0,011720	8,755920	13,178749	-0,709966	38,073757	0,040860	86,848120	146,350156	6,675276
14.03.2024 14:42:39	0,400541	6,665893	-0,009383	8,751134	13,379902	-0,700623	43,076112	0,169319	94,664858	152,251376	6,681221
14.03.2024 14:42:39	0,583966	6,674253	-0,006969	8,751216	13,605774	-0,682756	48,442945	0,096591	103,440158	158,108914	6,682262
14.03.2024 14:42:39	0,595728	6,678216	-0,004046	8,731956	13,888412	-0,699803	54,719575	-0,004002	112,656007	164,508545	6,707364
14.03.2024 14:42:38	0,618571	6,707007	-0,000356	8,734693	14,412435	-0,713736	62,006039	0,429858	123,429519	171,819334	6,738184
14.03.2024 14:42:38	0,707386	6,741018	0,002833	8,737463	14,909694	-0,726849	69,989411	0,043090	134,529889	179,062148	6,742451
14.03.2024 14:42:38	0,994626	6,748926	0,006476	8,734628	15,247053	-0,707999	78,848864	0,056186	146,735114	186,858135	6,735663
14.03.2024 14:42:38	0,938371	6,746754	0,011091	8,722842	15,656690	-0,695705	89,335086	0,544384	160,030145	195,466408	6,724584
14.03.2024 14:42:37	0,858762	6,740577	0,015992	8,725711	16,078602	-0,727013	101,291196	0,085723	175,158705	205,173569	6,717711
14.03.2024 14:42:37	0,822964	6,740155	0,022444	8,725481	16,743091	-0,713080	114,860142	0,554973	191,505251	215,607568	6,710835
14.03.2024 14:42:37	0,953714	6,738831	0,027996	8,722482	17,331722	-0,676200	128,792729	0,213625	208,164445	225,682943	6,697108
14.03.2024 14:42:37	1,216918	6,732009	0,034901	8,726317	17,718857	-0,685215	145,822251	0,294155	226,459882	236,891299	6,678900
14.03.2024 14:42:37	1,326019	6,721438	0,042538	8,725678	18,189353	-0,702426	163,590200	0,239261	246,016775	248,341721	6,647752
14.03.2024 14:42:36	1,204985	6,698225	0,050473	8,727825	18,857592	-0,689149	182,344018	0,804366	265,577569	259,935125	6,619175
14.03.2024 14:42:36	1,374773	6,678360	0,059185	8,723449	19,454064	-0,673577	205,128534	0,802694	287,628674	272,655330	6,599130
14.03.2024 14:42:36	1,220498	6,668324	0,069194	8,724891	20,323969	-0,702754	229,085896	1,049858	311,605262	285,910170	6,572876
14.03.2024 14:42:36	1,371534	6,653929	0,081053	8,725285	21,190294	-0,728652	257,525091	1,535270	338,246597	300,749522	6,552454
14.03.2024 14:42:36	1,624681	6,646237	0,093782	8,723678	22,095486	-0,694886	288,559371	2,875027	366,515815	316,730806	6,524443
14.03.2024 14:42:35	1,809640	6,633317	0,108874	8,725235	23,300533	-0,709638	323,040014	381,676698	396,520197	333,665865	6,514605
14.03.2024 14:42:35	1,713495	6,639810	0,125204	8,723793	24,226864	-0,671119	361,986888	381,839709	429,634612	351,616281	6,514605
14.03.2024 14:42:35	1,713495	6,639810	0,125204	8,723793	24,226864	-0,671119	361,986888	381,839709	429,634612	351,616281	6,509868
14.03.2024 14:42:35	2,233427	6,672300	0,162432	8,732431	26,398983	-0,680134	447,779855	544,775736	497,876142	389,149784	6,509868
14.03.2024 14:42:35	2,233427	6,672300	0,162432	8,732431	26,398983	-0,680134	447,779855	544,775736	497,876142	389,149784	6,474840
14.03.2024 14:42:34	2,098926	6,658863	0,184023	8,734103	28,214822	-0,694558	494,628735	545,452302	533,655024	408,726478	6,433480
14.03.2024 14:42:34	2,433728	6,640350	0,206870	8,731267	29,607045	-0,658989	544,212024	545,944123	570,461853	428,711446	6,378795
14.03.2024 14:42:34	2,447707	6,613354	0,234559	8,733661	31,056375	-0,724226	601,994918	777,611549	611,525365	452,440559	6,328976
14.03.2024 14:42:34	2,628915	6,595399	0,266423	8,736857	33,116496	-0,690952	665,034578	778,537509	654,759853	477,672784	6,285396
14.03.2024 14:42:34	3,037871	6,585730	0,300334	8,734038	35,515681	-0,690296	731,626769	786,168108	699,012534	502,884767	6,272511
14.03.2024 14:42:33	3,450918	6,608769	0,336258	8,737807	37,664106	-0,652924	796,312424	998,962453	741,280101	529,394447	6,271654
14.03.2024 14:42:33	3,871466	6,647869	0,376215	8,741741	40,156537	-0,523269	862,561037	1000,003217	783,744953	557,112541	6,235187
14.03.2024 14:42:33	4,094610	6,659027	0,423840	8,983021	43,774407	42,010295	937,842704	1079,003491	829,933706	586,492711	6,152256
14.03.2024 14:42:33	4,380828	6,627632	0,475376	8,984300	47,074522	53,259301	1011,659498	1185,489414	874,148212	618,741452	6,068481
14.03.2024 14:42:33	4,954628	6,598756	0,530275	8,982300	51,948410	66,202510	1080,139833	1185,413063	913,975904	652,120406	5,979142
14.03.2024 14:42:32	5,737934	6,571051	0,591910	8,979562	55,993476	85,776319	1144,323915	1188,142736	951,943317	684,246409	5,870325
14.03.2024 14:42:32	6,478283	6,528375	0,658050	8,983464	63,218305	110,224239	1203,943682	1318,951890	986,848626	717,686945	5,773872
14.03.2024 14:42:32	7,165615	6,510587	0,736715	8,983808	69,166661	151,843333	1256,550064	1319,426991	1019,413261	760,509471	5,670886
14.03.2024 14:42:32	8,774504	6,491911	0,821025	8,982169	81,182530	198,415381	1291,515283	1332,137689	1043,259440	799,689068	5,537082
14.03.2024 14:42:32	10,736265	6,456016	0,918934	8,979349	94,675004	264,232756	1308,687196	1375,931989	1059,340710	839,748287	5,404865
14.03.2024 14:42:31	13,972283	6,420855	1,015990	9,012886	115,952300	348,559981	1299,476641	1376,239620	1064,260306	855,908989	5,239749
14.03.2024 14:42:31	18,885208	6,371701	1,131952	9,011394	146,523581	453,169775	1260,852446	1328,043460	1056,554193	856,026186	5,100156
14.03.2024 14:42:31	28,671680	6,362630	1,262474	9,011443	190,459484	595,211675	1205,737363	1326,786740	1035,468338	855,962047	4,905067
14.03.2024 14:42:31	68,478988	6,309217	1,404150	9,018098	315,069982	778,639586	1136,143536	1322,850506	996,934983	856,115257	4,644267
14.03.2024 14:42:30	212,195172	6,205970	1,561703	9,016017	571,244930	992,553636	1065,606473	1136,071365	949,808566	856,168315	4,257272
14.03.2024 14:42:30	842,555164	6,023879	1,766607	9,016017	1011,060993	1024,523185	983,683979	1135,497343	889,671064	856,142319	3,753498
14.03.2024 14:42:30	1071,853071	5,740276	1,986778	9,017623	1072,193669	1024,513842	900,612046	1134,233378	827,078641	855,987192	3,409332
14.03.2024 14:42:30	1071,946829	5,518826	2,109495	9,016574	1072,235604	1024,526791	814,372400	870,713830	762,125201	856,305969	3,368836
14.03.2024 14:42:30	1071,778235	5,473701	2,104866	9,014345	1072,031382	1024,541379	714,949184	869,882333	688,154870	856,174069	3,430876
14.03.2024 14:42:29	1071,809090	5,487862	2,056985	8,996462	1072,145596	1024,507777	611,404987	865,719833	611,136367	856,315345	3,509741
14.03.2024 14:42:29	1071,911542	5,506949	1,997208	8,994708	1072,172360	1024,482863	517,309314	620,740099	540,719403	856,134434	3,620222
14.03.2024 14:42:29	1071,752153	5,536885	1,916663	8,997331	1071,954159	1024,509253	419,733837	620,016162	468,788802	856,089047	3,751021
14.03.2024 14:42:29	1071,691296	5,581677	1,830656	8,992757	1071,948022	1024,471389	320,825290	574,918330	393,777150	856,021072	3,888611
14.03.2024 14:42:29	1071,767495	5,616561	1,727950	8,994741	1072,029336	1024,186836	231,323748	396,105563	324,361102	856,139762	4,049847
14.03.2024 14:42:28	1071,751812	5,650955	1,601108	8,997216	1072,010073	990,164115	148,799366	395,577240	254,223904	856,043446	4,233792
14.03.2024 14:42:28	1071,548272	5,696836	1,463044	8,995446	1071,778576	914,299215	78,067804	388,256780	188,401350	856,269105	4,233792
14.03.2024 14:42:28	1071,548272	5,696836	1,463044	8,995446	1071,778576	914,299215	78,067804	388,256780	188,401350	856,269105	4,426345
14.03.2024 14:42:28	1071,589696	5,743974	1,317629	8,993987	1071,724367	835,496997	0,592870	0,216968	134,117206	856,214129	4,659291
14.03.2024 14:42:28	1071,318479	5,817036	1,157745	8,974399	1071,430648	739,486232	0,371620	-0,161998	84,438618	856,051331	5,161997
14.03.2024 14:42:27	1067,652878	5,967833	0,805836	8,971137	1064,813371	494,332209	0,048663	-0,029360	25,681278	855,171709	5,483661
14.03.2024 14:42:27	1051,210944	6,094601	0,610940	8,979743	1031,803356	340,263208	0,223656	0,308087	9,961977	751,417704	5,837619
14.03.2024 14:42:27	956,587701	6,256921	0,419301	8,971990	831,591943	168,440158	0,246784	-0,051931	2,720097	611,653552	6,243743
14.03.2024 14:42:27	375,363266	6,460584	0,216841	8,944583	61,982744	-0,697672	0,210559	0,047548	0,383602	398,693508	6,653472
14.03.2024 14:42:27	-0,612047	6,695802	0,042330	8,944436	-0,370492	-0,676200	0,105229	-0,105432	0,143126	125,688851	6,875491
14.03.2024 14:42:26	-0,626196	6,852308	-0,023183	8,946878	-0,368446	-0,704065	0,007701	-0,110169	0,070955	0,049572	6,879833
14.03.2024 14:42:26	-0,799563	6,855635	-0,024197	8,948337	-0,561247	-0,676692	0,170991	-0,125216	0,127521	0,008659	6,877002
14.03.2024 14:42:26	-0,647845	6,852867	-0,024135	8,924603	-0,383106	-0,696689	0,011602	0,384159	0,147027	0,005889	6,874461
14.03.2024 14:42:26	-0,726602	6,850246	-0,024215	8,924865	-0,428963	-0,720128	0,288303	-0,136362	0,087674	-0,105555	6,871657
14.03.2024 14:42:26	-0,646822	6,847203	-0,024453	8,927012	-0,381402	-0,681773	0,229508	-0,078681	0,137553	-0,009666	6,868328
14.03.2024 14:42:25	-0,618354	6,843483	-0,024845	8,923078	-0,386175	-0,698656	0,157616	0,114703	0,070955	-0,065708	6,868328
14.03.2024 14:42:25	-0,618354	6,843483	-0,024845	8,923078	-0,386175	-0,698656	0,157616	0,114703	0,070955	-0,065708	6,871352
14.03.2024 14:42:25	-0,651084	6,846899	-0,024453	8,927471	-0,390778	-0,741109	0,198577	-0,168964	0,178793	-0,135601	6,873615
14.03.2024 14:42:25	-0,645629	6,848962	-0,024653	8,927635	-0,374924	-0,702918	0,198020	0,077643	0,174056	-0,081690	6,874179
14.03.2024 14:42:24	-0,743479	6,849623	-0,024556	8,926422	-0,559031	-0,670463	0,267404	-0,162555	-0,037441	0,096451	6,874179
14.03.2024 14:42:24	-0,743479	6,849623	-0,024556	8,926422	-0,559031	-0,670463	0,267404	-0,162555	-0,037441	0,096451	6,873997
14.03.2024 14:42:24	-0,703930	6,848952	-0,025045	8,925734	-0,478058	-0,711605	0,126964	-0,138591	0,116932	0,006954	6,875289
14.03.2024 14:42:24	-0,755582	6,850523	-0,024766	8,903654	-0,473967	-0,680789	0,182416	0,286074	-0,026016	0,018248	6,884170
14.03.2024 14:42:24	-0,706657	6,859271	-0,024899	8,904622	-0,373219	-0,716195	0,140060	0,359917	0,159009	0,082174	6,899795
14.03.2024 14:42:24	-0,808939	6,874382	-0,025414	8,903507	-0,575737	-0,717342	0,151207	-0,161162	0,127800	-0,026713	6,913861
14.03.2024 14:42:23	-0,792403	6,888764	-0,025097	8,906425	-0,563463	-0,664070	0,217526	-0,112119	-0,017656	0,090697	6,917619
14.03.2024 14:42:23	-0,628753	6,892638	-0,024981	8,905818	-0,354809	-0,683904	0,194676	-0,172587	0,080708	-0,205919	6,914600
